/	CG-5 SURVEY
/	Survey name:   	shepton021023
/	Instrument S/N:	40663
/	Client:        	Default
/	Operator:      	antb
/	Date:          	2023/10/ 2
/	Time:          	08:34:48
/	LONG:        	2.6550751 W
/	LAT:         	51.2511864 N
/	ZONE:        	0       
/	GMT DIFF.:   	0.0 
Line	 999.000N
/------LINE-----STATION-----ALT.------GRAV.---SD.--TILTX--TILTY-TEMP---TIDE---DUR-REJ-----TIME----DEC.TIME+DATE--TERRAIN---DATE
999.0000000  999.0000000   22.7537   5279.216 0.060   -2.7   -2.3 -0.44 -0.078  45  11 08:56:36     45170.37204    0.0000  2023/10/02
999.0000000  999.0000000   22.7537   5279.216 0.047   -2.7   -2.4 -0.42 -0.078  45   0 08:57:28     45170.37264    0.0000  2023/10/02
999.0000000  999.0000000   22.7537   5279.216 0.040   -2.4   -2.7 -0.41 -0.078  45   0 08:58:17     45170.37321    0.0000  2023/10/02
999.0000000  999.0000000   22.7537   5279.216 0.026   -2.4   -3.2 -0.40 -0.078  45   0 08:59:06     45170.37378    0.0000  2023/10/02
999.0000000  999.0000000   22.7537   5279.214 0.025   -2.2   -3.3 -0.39 -0.078  45   0 08:59:55     45170.37434    0.0000  2023/10/02
999.0000000  999.0000000   22.7537   5279.213 0.047   -2.0   -3.8 -0.39 -0.079  45   0 09:00:44     45170.37491    0.0000  2023/10/02
999.0000000  999.0000000   22.7537   5279.213 0.033   -2.0   -4.1 -0.39 -0.079  45   0 09:01:33     45170.37547    0.0000  2023/10/02
999.0000000  999.0000000   22.7537   5279.211 0.039   -1.6   -4.5 -0.39 -0.079  45   0 09:02:22     45170.37604    0.0000  2023/10/02
999.0000000  999.0000000   22.5096   5279.209 0.032   -1.5   -4.6 -0.40 -0.079  45   0 09:03:11     45170.37661    0.0000  2023/10/02
999.0000000  999.0000000   22.7537   5279.208 0.037   -1.3   -4.8 -0.40 -0.079  45   0 09:04:01     45170.37718    0.0000  2023/10/02
999.0000000  999.0000000   22.0213   5279.196 0.041    4.5   -4.8 -0.43 -0.078  45   0 09:24:05     45170.39110    0.0000  2023/10/02
999.0000000  999.0000000   21.7772   5279.189 0.032    3.5   -7.0 -0.42 -0.078  45   0 09:39:03     45170.40147    0.0000  2023/10/02
Line	   1.000N
/------LINE-----STATION-----ALT.------GRAV.---SD.--TILTX--TILTY-TEMP---TIDE---DUR-REJ-----TIME----DEC.TIME+DATE--TERRAIN---DATE
 1.0000000  101.0000000   21.7772   5279.196 0.054   -1.6    6.5 -0.42 -0.076  45   1 09:56:33     45170.41361    0.0000  2023/10/02
 1.0000000  101.0000000   21.7772   5279.197 0.069    1.8   -2.1 -0.40 -0.076  45   0 10:02:15     45170.41756    0.0000  2023/10/02
 1.0000000  101.0000000   21.7772   5279.197 0.025    4.3    0.0 -0.40 -0.075  45   0 10:04:31     45170.41913    0.0000  2023/10/02
 1.0000000  102.0000000   21.7772   5279.205 0.043    4.7    6.2 -0.40 -0.075  45   0 10:09:40     45170.42270    0.0000  2023/10/02
 1.0000000  102.0000000   21.7772   5279.201 0.045   -3.2  -10.5 -0.39 -0.074  45   0 10:12:52     45170.42492    0.0000  2023/10/02
 1.0000000  102.0000000   22.0213   5279.201 0.044    2.0  -10.8 -0.39 -0.074  45   0 10:14:08     45170.42580    0.0000  2023/10/02
 1.0000000  103.0000000   21.7772   5279.200 0.045   -2.2   -8.1 -0.39 -0.074  45   0 10:17:26     45170.42809    0.0000  2023/10/02
 1.0000000  103.0000000   21.7772   5279.202 0.032    1.3   -9.0 -0.39 -0.074  45   0 10:18:28     45170.42880    0.0000  2023/10/02
 1.0000000  104.0000000   22.0213   5279.185 0.045  -11.8    4.6 -0.40 -0.073  45   0 10:23:20     45170.43218    0.0000  2023/10/02
 1.0000000  104.0000000   22.0213   5279.188 0.057  -12.0    6.5 -0.39 -0.073  45   0 10:24:34     45170.43303    0.0000  2023/10/02
 1.0000000  105.0000000   22.0213   5279.216 0.023    3.1   13.1 -0.39 -0.072  45   0 10:29:05     45170.43616    0.0000  2023/10/02
 1.0000000  105.0000000   22.0213   5279.209 0.028    1.3   -1.4 -0.38 -0.072  45   0 10:31:18     45170.43770    0.0000  2023/10/02
 1.0000000  105.0000000   22.0213   5279.210 0.043    4.4    2.7 -0.38 -0.072  45   0 10:32:26     45170.43849    0.0000  2023/10/02
 1.0000000  106.0000000   22.0213   5279.191 0.047   -1.8    7.3 -0.39 -0.071  45   0 10:36:41     45170.44143    0.0000  2023/10/02
 1.0000000  106.0000000   22.2654   5279.192 0.049    0.0   10.1 -0.39 -0.071  45   0 10:37:39     45170.44210    0.0000  2023/10/02
 1.0000000  107.0000000   22.0213   5279.169 0.051   -5.3    8.8 -0.39 -0.071  45   0 10:41:13     45170.44458    0.0000  2023/10/02
 1.0000000  107.0000000   22.0213   5279.169 0.045   -7.3   10.5 -0.39 -0.070  45   0 10:42:44     45170.44563    0.0000  2023/10/02
 1.0000000  108.0000000   21.7772   5279.145 0.057  -13.2   14.9 -0.39 -0.070  45   5 10:46:20     45170.44812    0.0000  2023/10/02
 1.0000000  108.0000000   21.7772   5279.144 0.048   -1.0    3.7 -0.39 -0.070  45   0 10:47:30     45170.44893    0.0000  2023/10/02
 1.0000000  109.0000000   22.0213   5279.143 0.031   -5.2    4.1 -0.39 -0.056  45   0 10:52:15     45170.45223    0.0000  2023/10/02
 1.0000000  109.0000000   22.0213   5279.145 0.033   -8.7    8.6 -0.38 -0.056  45   0 10:53:57     45170.45341    0.0000  2023/10/02
 1.0000000  110.0000000   22.0213   5279.122 0.044   -1.3   13.0 -0.38 -0.055  45   0 10:56:57     45170.45549    0.0000  2023/10/02
 1.0000000  110.0000000   22.0213   5279.124 0.028   -1.3   11.1 -0.39 -0.055  45   0 10:58:06     45170.45628    0.0000  2023/10/02
 1.0000000  111.0000000   22.0213   5279.127 0.054   -4.5   -3.2 -0.39 -0.055  45   0 11:01:09     45170.45840    0.0000  2023/10/02
 1.0000000  111.0000000   22.2654   5279.131 0.071    0.0   -2.2 -0.39 -0.055  45   0 11:02:09     45170.45909    0.0000  2023/10/02
 1.0000000  111.0000000   22.2654   5279.130 0.032    2.9   -1.5 -0.39 -0.055  45   0 11:03:15     45170.45985    0.0000  2023/10/02
 1.0000000  112.0000000   22.2654   5279.121 0.038   -1.7   10.7 -0.39 -0.054  45   0 11:06:08     45170.46185    0.0000  2023/10/02
 1.0000000  112.0000000   22.0213   5279.121 0.057   -5.5    4.0 -0.39 -0.054  45   0 11:07:19     45170.46267    0.0000  2023/10/02
 1.0000000  113.0000000   22.0213   5279.127 0.061    1.9    0.7 -0.39 -0.054  45   0 11:09:50     45170.46442    0.0000  2023/10/02
 1.0000000  113.0000000   22.0213   5279.128 0.042   10.7    3.3 -0.39 -0.054  45   0 11:11:21     45170.46547    0.0000  2023/10/02
 1.0000000  999.0000000   22.0213   5279.179 0.037    0.0   -2.4 -0.40 -0.053  45   0 11:14:53     45170.46792    0.0000  2023/10/02
 1.0000000  999.0000000   22.0213   5279.181 0.046    0.4   -2.7 -0.39 -0.053  45   0 11:15:45     45170.46852    0.0000  2023/10/02
 1.0000000  999.0000000   22.2654   5279.181 0.044    0.8   -3.1 -0.39 -0.053  45   0 11:16:34     45170.46909    0.0000  2023/10/02
 1.0000000  999.0000000   22.2654   5279.180 0.075    1.1   -3.6 -0.39 -0.053  45   0 11:17:23     45170.46965    0.0000  2023/10/02
 1.0000000  999.0000000   22.2654   5279.180 0.031    1.4   -4.0 -0.39 -0.053  45   0 11:18:12     45170.47022    0.0000  2023/10/02
 1.0000000  999.0000000   22.2654   5279.180 0.041    1.5   -4.2 -0.39 -0.052  45   0 11:19:01     45170.47078    0.0000  2023/10/02
 1.0000000  999.0000000   22.2654   5279.180 0.038    1.7   -4.4 -0.39 -0.052  45   0 11:19:50     45170.47135    0.0000  2023/10/02
 1.0000000  999.0000000   22.2654   5279.181 0.040    2.0   -4.6 -0.39 -0.052  45   0 11:20:39     45170.47192    0.0000  2023/10/02
 1.0000000  999.0000000   22.2654   5279.180 0.038    2.1   -4.7 -0.39 -0.052  45   0 11:21:28     45170.47248    0.0000  2023/10/02
 1.0000000  999.0000000   22.2654   5279.178 0.039    2.2   -5.0 -0.39 -0.052  45   0 11:22:18     45170.47306    0.0000  2023/10/02
 1.0000000  999.0000000   20.5565   5279.181 0.036    2.9   -9.3 -0.45 -0.049  45   0 11:56:19     45170.49665    0.0000  2023/10/02
 1.0000000  999.0000000   20.5565   5279.174 0.030    2.8   -9.4 -0.45 -0.049  45   0 11:57:11     45170.49725    0.0000  2023/10/02
 1.0000000  999.0000000   20.5565   5279.173 0.025    2.8   -9.6 -0.44 -0.049  45   0 11:58:00     45170.49781    0.0000  2023/10/02
 1.0000000  999.0000000   20.5565   5279.172 0.045    2.8  -10.0 -0.44 -0.049  45   0 11:58:49     45170.49838    0.0000  2023/10/02
 1.0000000  999.0000000   20.8006   5279.171 0.040    2.6  -10.4 -0.44 -0.049  45   0 11:59:38     45170.49895    0.0000  2023/10/02
 1.0000000  999.0000000   21.0447   5279.169 0.036    2.5  -10.6 -0.44 -0.049  45   0 12:00:27     45170.49951    0.0000  2023/10/02
 1.0000000  999.0000000   21.0447   5279.170 0.026    2.4  -10.8 -0.44 -0.049  45   0 12:01:16     45170.50008    0.0000  2023/10/02
 1.0000000  999.0000000   21.0447   5279.168 0.046    2.5  -11.1 -0.44 -0.049  45   0 12:02:05     45170.50064    0.0000  2023/10/02
 1.0000000  999.0000000   21.0447   5279.168 0.048    2.6  -11.2 -0.44 -0.049  45   0 12:02:54     45170.50121    0.0000  2023/10/02
 1.0000000  999.0000000   21.0447   5279.168 0.032    2.8  -11.3 -0.44 -0.049  45   0 12:03:44     45170.50179    0.0000  2023/10/02
 1.0000000  114.0000000   21.2889   5279.143 0.048  -17.4    3.6 -0.42 -0.048  45   0 12:14:24     45170.50918    0.0000  2023/10/02
 1.0000000  114.0000000   21.2889   5279.138 0.049  -16.2    8.1 -0.41 -0.048  45   0 12:17:14     45170.51115    0.0000  2023/10/02
 1.0000000  114.0000000   21.2889   5279.136 0.038  -17.2   10.3 -0.40 -0.048  45   0 12:18:33     45170.51206    0.0000  2023/10/02
 1.0000000  114.0000000   21.5330   5279.129 0.042   -7.9   -0.6 -0.41 -0.048  45   0 12:20:36     45170.51348    0.0000  2023/10/02
 1.0000000  114.0000000   21.5330   5279.130 0.045   -9.7    1.9 -0.41 -0.048  45   0 12:22:01     45170.51446    0.0000  2023/10/02
 1.0000000  115.0000000   21.5330   5278.997 0.043  -10.6   -0.2 -0.33 -0.048  45   0 12:32:38     45170.52183    0.0000  2023/10/02
 1.0000000  115.0000000   21.7772   5278.993 0.048   -8.7   -1.6 -0.30 -0.048  45   4 12:35:27     45170.52378    0.0000  2023/10/02
 1.0000000  115.0000000   21.5330   5278.998 0.051   -7.9   -1.9 -0.30 -0.048  45   0 12:36:34     45170.52455    0.0000  2023/10/02
 1.0000000  116.0000000   21.5330   5278.980 0.035  -11.8   -1.4 -0.32 -0.048  45   0 12:40:03     45170.52697    0.0000  2023/10/02
 1.0000000  116.0000000   21.7772   5278.983 0.033  -12.9   -1.6 -0.33 -0.048  45   0 12:41:23     45170.52789    0.0000  2023/10/02
 1.0000000  117.0000000   21.7772   5278.955 0.039  -11.0   -1.6 -0.35 -0.049  45   0 12:44:48     45170.53026    0.0000  2023/10/02
 1.0000000  117.0000000   21.7772   5278.960 0.038  -12.1   -1.6 -0.35 -0.049  45   0 12:45:52     45170.53100    0.0000  2023/10/02
 1.0000000  117.0000000   21.7772   5278.960 0.044  -12.7   -2.2 -0.35 -0.049  45   0 12:46:55     45170.53173    0.0000  2023/10/02
 1.0000000  118.0000000   21.7772   5278.945 0.030   -8.6    0.0 -0.36 -0.049  45   0 12:51:04     45170.53461    0.0000  2023/10/02
 1.0000000  118.0000000   21.7772   5278.946 0.031   -8.3    0.0 -0.37 -0.049  45   0 12:52:18     45170.53546    0.0000  2023/10/02
 1.0000000  119.0000000   21.7772   5278.943 0.047   -9.1   -0.9 -0.36 -0.049  45   0 12:56:00     45170.53803    0.0000  2023/10/02
 1.0000000  119.0000000   21.7772   5278.944 0.038   -7.4   -0.8 -0.35 -0.049  45   0 12:57:02     45170.53874    0.0000  2023/10/02
 1.0000000  120.0000000   21.7772   5278.935 0.037   -7.7   -3.2 -0.34 -0.050  45   0 13:01:25     45170.54178    0.0000  2023/10/02
 1.0000000  120.0000000   22.0213   5278.936 0.033   -7.4   -3.4 -0.34 -0.050  45   0 13:02:43     45170.54268    0.0000  2023/10/02
 1.0000000  121.0000000   22.0213   5278.960 0.038    0.8   -9.8 -0.35 -0.050  45   0 13:09:51     45170.54763    0.0000  2023/10/02
 1.0000000  121.0000000   21.7772   5278.955 0.045    7.4  -17.3 -0.35 -0.050  45   0 13:10:57     45170.54839    0.0000  2023/10/02
 1.0000000  121.0000000   21.7772   5278.956 0.065   -6.6   -5.9 -0.35 -0.051  45   0 13:13:28     45170.55014    0.0000  2023/10/02
 1.0000000  122.0000000   22.0213   5278.927 0.046   -8.4   -0.1 -0.37 -0.051  45   0 13:20:10     45170.55478    0.0000  2023/10/02
 1.0000000  122.0000000   21.7772   5278.928 0.058   -8.0   -0.9 -0.36 -0.051  45   0 13:21:14     45170.55552    0.0000  2023/10/02
 1.0000000  123.0000000   21.7772   5278.910 0.037   -8.6   -2.1 -0.36 -0.052  45   0 13:24:42     45170.55793    0.0000  2023/10/02
 1.0000000  123.0000000   21.7772   5278.909 0.032   -9.2   -2.9 -0.35 -0.052  45   0 13:25:45     45170.55865    0.0000  2023/10/02
 1.0000000  124.0000000   21.7772   5278.900 0.033   -8.4    1.2 -0.35 -0.052  45   0 13:28:50     45170.56079    0.0000  2023/10/02
 1.0000000  124.0000000   21.7772   5278.900 0.038   -9.4   -0.1 -0.35 -0.053  45   0 13:30:00     45170.56160    0.0000  2023/10/02
 1.0000000  125.0000000   21.7772   5278.910 0.038   -5.8    5.5 -0.35 -0.053  45   0 13:34:02     45170.56440    0.0000  2023/10/02
 1.0000000  125.0000000   21.7772   5278.907 0.056    2.7   -0.8 -0.36 -0.053  45   0 13:35:28     45170.56539    0.0000  2023/10/02
 1.0000000  125.0000000   21.7772   5278.907 0.034    4.6    0.3 -0.36 -0.054  45   0 13:37:06     45170.56652    0.0000  2023/10/02
 1.0000000  126.0000000   21.7772   5278.908 0.039   -6.6   -3.5 -0.37 -0.054  45   0 13:39:55     45170.56848    0.0000  2023/10/02
 1.0000000  126.0000000   21.7772   5278.907 0.057   -7.5   -6.3 -0.36 -0.054  45   0 13:40:58     45170.56920    0.0000  2023/10/02
 1.0000000  999.0000000   21.7772   5279.125 0.042   -2.1    0.7 -0.34 -0.055  45   3 13:48:33     45170.57446    0.0000  2023/10/02
 1.0000000  999.0000000   21.7772   5279.123 0.028   -2.4    0.6 -0.34 -0.055  45   0 13:49:25     45170.57506    0.0000  2023/10/02
 1.0000000  999.0000000   22.0213   5279.123 0.035   -2.4    0.5 -0.33 -0.056  45   0 13:50:14     45170.57563    0.0000  2023/10/02
 1.0000000  999.0000000   22.0213   5279.120 0.034   -2.5    0.5 -0.33 -0.056  45   0 13:51:03     45170.57619    0.0000  2023/10/02
 1.0000000  999.0000000   22.0213   5279.117 0.033   -2.6    0.5 -0.33 -0.056  45   0 13:51:52     45170.57676    0.0000  2023/10/02
 1.0000000  999.0000000   21.7772   5279.118 0.064   -2.5    0.6 -0.33 -0.056  45   0 13:52:41     45170.57733    0.0000  2023/10/02
 1.0000000  999.0000000   22.0213   5279.115 0.032   -2.5    0.6 -0.33 -0.056  45   0 13:53:30     45170.57789    0.0000  2023/10/02
 1.0000000  999.0000000   22.0213   5279.115 0.029   -2.7    0.6 -0.34 -0.056  45   0 13:54:19     45170.57846    0.0000  2023/10/02
 1.0000000  999.0000000   22.0213   5279.113 0.056   -2.7    0.7 -0.34 -0.056  45   0 13:55:08     45170.57903    0.0000  2023/10/02
 1.0000000  999.0000000   22.0213   5279.112 0.043   -2.8    0.8 -0.35 -0.057  45   0 13:55:58     45170.57960    0.0000  2023/10/02
 1.0000000  999.0000000   21.7772   5279.109 0.062   -1.6    0.7 -0.38 -0.057  45   2 14:01:33     45170.58347    0.0000  2023/10/02
 1.0000000  999.0000000   21.7772   5279.108 0.040   -3.1    0.9 -0.38 -0.058  45   0 14:02:25     45170.58408    0.0000  2023/10/02
 1.0000000  999.0000000   22.0213   5279.109 0.044   -3.2    0.8 -0.39 -0.058  45   0 14:03:14     45170.58464    0.0000  2023/10/02
 1.0000000  999.0000000   22.0213   5279.108 0.055   -3.1    0.7 -0.39 -0.058  45   0 14:04:03     45170.58521    0.0000  2023/10/02
 1.0000000  999.0000000   22.0213   5279.107 0.033   -3.1    0.6 -0.39 -0.058  45   0 14:04:52     45170.58577    0.0000  2023/10/02
 1.0000000  999.0000000   22.0213   5279.107 0.052   -3.2    0.5 -0.39 -0.058  45   0 14:05:41     45170.58634    0.0000  2023/10/02
 1.0000000  999.0000000   22.0213   5279.107 0.031   -3.3    0.5 -0.40 -0.058  45   0 14:06:30     45170.58691    0.0000  2023/10/02
 1.0000000  999.0000000   22.0213   5279.106 0.048   -3.5    0.4 -0.40 -0.059  45   0 14:07:19     45170.58747    0.0000  2023/10/02
 1.0000000  999.0000000   22.2654   5279.107 0.056   -3.5    0.4 -0.40 -0.059  45   0 14:08:08     45170.58804    0.0000  2023/10/02
 1.0000000  999.0000000   22.0213   5279.106 0.033   -3.5    0.4 -0.40 -0.059  45   0 14:08:58     45170.58862    0.0000  2023/10/02