/	CG-5 SURVEY
/	Survey name:   	mendips
/	Instrument S/N:	40572
/	Client:        	
/	Operator:      	
/	Date:          	2011/ 9/29
/	Time:          	07:36:54
/	LONG:        	3.7600000 W
/	LAT:         	40.5000000 N
/	ZONE:        	0       
/	GMT DIFF.:   	0.0 
/------LINE-----STATION-----ALT.------GRAV.---SD.--TILTX--TILTY-TEMP---TIDE---DUR-REJ-----TIME----DEC.TIME+DATE--TERRAIN---DATE
 0.0000000   150.0000000    0.0000   6263.868 0.040   -7.0    1.1 135.91 -0.046  60   7 10:31:43     40783.43799    0.0000  2011/09/29
 0.0000000   150.0000000    0.0000   6263.871 0.050   -6.8    5.3 135.93 -0.045  60   7 10:32:50     40783.43876    0.0000  2011/09/29
 0.0000000   151.0000000    0.0000   6263.808 0.058   -6.5   11.1 136.01 -0.037  60   6 10:50:52     40783.45127    0.0000  2011/09/29
 0.0000000   151.0000000    0.0000   6263.812 0.052   -8.5   17.2 136.01 -0.036  60   3 10:51:59     40783.45204    0.0000  2011/09/29
 0.0000000   152.0000000    0.0000   6264.082 0.098   16.6    5.5 136.04 -0.031  60  17 11:03:56     40783.46033    0.0000  2011/09/29
 0.0000000   152.0000000    0.0000   6264.080 0.081   -1.7    9.3 136.05 -0.029  60  14 11:07:11     40783.46258    0.0000  2011/09/29
 0.0000000   152.0000000    0.0000   6264.085 0.059   13.5  -11.5 136.04 -0.027  60   6 11:13:23     40783.46688    0.0000  2011/09/29
 0.0000000   152.0000000    0.0000   6264.091 0.034   18.6  -14.1 136.04 -0.026  60   0 11:14:30     40783.46765    0.0000  2011/09/29
 0.0000000   153.0000000    0.0000   6264.412 0.041  -15.9   16.0 136.07 -0.022  60   4 11:25:02     40783.47496    0.0000  2011/09/29
 0.0000000   153.0000000    0.0000   6264.411 0.062  -15.7   19.0 136.08 -0.021  60   3 11:26:09     40783.47573    0.0000  2011/09/29
 0.0000000   154.0000000    0.0000   6264.494 0.049    0.9    8.9 136.08 -0.018  60   3 11:33:36     40783.48090    0.0000  2011/09/29
 0.0000000   154.0000000    0.0000   6264.499 0.049    7.2    4.7 136.08 -0.018  60   4 11:34:43     40783.48167    0.0000  2011/09/29
 0.0000000   155.0000000    0.0000   6264.563 0.139   -4.0   34.3 136.05 -0.015  60  14 11:42:31     40783.48708    0.0000  2011/09/29
 0.0000000   155.0000000    0.0000   6264.547 0.067  -23.4   24.1 136.03 -0.013  60   1 11:48:04     40783.49093    0.0000  2011/09/29
 0.0000000   155.0000000    0.0000   6264.554 0.048  -27.7   28.5 136.03 -0.013  60   0 11:49:11     40783.49170    0.0000  2011/09/29
 0.0000000   150.0000000    0.0000   6263.859 0.025   -6.0    4.7 136.02 -0.010  60   0 11:57:16     40783.49730    0.0000  2011/09/29
 0.0000000   150.0000000    0.0000   6263.863 0.042   -6.0    8.7 136.03 -0.010  60   0 11:58:23     40783.49808    0.0000  2011/09/29
 0.0000000   150.0000000    0.0000   6263.860 0.035  -14.5    1.6 136.45 -0.001  60   0 12:36:51     40783.52475    0.0000  2011/09/29
 0.0000000   150.0000000    0.0000   6263.861 0.026  -14.8    4.5 136.45 -0.001  60   0 12:37:58     40783.52552    0.0000  2011/09/29
 0.0000000   156.0000000    0.0000   6264.700 0.024    7.1   30.1 136.30 0.000  60   0 12:45:08     40783.53049    0.0000  2011/09/29
 0.0000000   156.0000000    0.0000   6264.674 0.081  -13.8   -3.1 136.25 0.000  60   8 12:48:34     40783.53287    0.0000  2011/09/29
 0.0000000   156.0000000    0.0000   6264.682 0.028  -11.7    0.1 136.23 0.000  60   0 12:49:41     40783.53365    0.0000  2011/09/29
 0.0000000   157.0000000    0.0000   6264.791 0.035  -13.8    7.9 136.11 0.001  60   0 12:59:54     40783.54073    0.0000  2011/09/29
 0.0000000   157.0000000    0.0000   6264.789 0.042  -18.4    8.7 136.11 0.001  60   0 13:01:01     40783.54150    0.0000  2011/09/29
 0.0000000   158.0000000    0.0000   6264.848 0.027    1.3   16.6 136.07 0.001  60   0 13:08:57     40783.54701    0.0000  2011/09/29
 0.0000000   158.0000000    0.0000   6264.838 0.031   -9.7   -1.0 136.06 0.001  60   0 13:12:09     40783.54922    0.0000  2011/09/29
 0.0000000   158.0000000    0.0000   6264.837 0.028   -8.5    3.1 136.06 0.001  60   0 13:13:16     40783.55000    0.0000  2011/09/29
 0.0000000   159.0000000    0.0000   6264.867 0.046  -11.2   -0.3 136.02 0.001  60   2 13:19:21     40783.55422    0.0000  2011/09/29
 0.0000000   159.0000000    0.0000   6264.869 0.048   -7.7    2.3 136.03 0.001  60   3 13:20:28     40783.55499    0.0000  2011/09/29
 0.0000000   160.0000000    0.0000   6264.901 0.032   -6.2   15.9 136.04 0.000  60   5 13:26:37     40783.55925    0.0000  2011/09/29
 0.0000000   160.0000000    0.0000   6264.907 0.032   -2.2   22.8 136.04 0.000  60   0 13:27:44     40783.56003    0.0000  2011/09/29
 0.0000000   161.0000000    0.0000   6264.914 0.039    5.9    3.8 136.03 0.000  60   1 13:34:10     40783.56449    0.0000  2011/09/29
 0.0000000   161.0000000    0.0000   6264.926 0.041   19.3    4.3 136.04 0.000  60   2 13:37:45     40783.56697    0.0000  2011/09/29
 0.0000000   161.0000000    0.0000   6264.931 0.028   21.4    7.0 136.04 0.000  60   0 13:38:52     40783.56775    0.0000  2011/09/29
 0.0000000   162.0000000    0.0000   6264.951 0.022   -4.4    2.5 136.02 -0.001  60   0 13:44:29     40783.57164    0.0000  2011/09/29
 0.0000000   162.0000000    0.0000   6264.954 0.042   -3.9    6.9 136.02 -0.001  60   0 13:45:36     40783.57242    0.0000  2011/09/29
 0.0000000   163.0000000    0.0000   6264.999 0.033  -19.2   -2.3 136.07 -0.003  60   1 13:58:49     40783.58158    0.0000  2011/09/29
 0.0000000   163.0000000    0.0000   6265.000 0.050  -19.3    0.5 136.07 -0.004  60   2 13:59:56     40783.58235    0.0000  2011/09/29
 0.0000000   164.0000000    0.0000   6265.115 0.052  -25.8   -7.1 136.05 -0.006  60   0 14:09:14     40783.58880    0.0000  2011/09/29
 0.0000000   164.0000000    0.0000   6265.119 0.059  -21.8    1.4 136.07 -0.007  60   0 14:13:07     40783.59149    0.0000  2011/09/29
 0.0000000   164.0000000    0.0000   6265.114 0.051  -28.9    0.1 136.06 -0.007  60   1 14:14:14     40783.59227    0.0000  2011/09/29
 0.0000000   165.0000000    0.0000   6265.297 0.075   12.5    1.4 136.06 -0.009  60   4 14:22:19     40783.59787    0.0000  2011/09/29
 0.0000000   165.0000000    0.0000   6265.296 0.066   12.3    4.3 136.06 -0.010  60   0 14:23:26     40783.59865    0.0000  2011/09/29
 0.0000000   166.0000000    0.0000   6265.396 0.049  -27.2   -0.9 136.03 -0.013  60   0 14:31:47     40783.60444    0.0000  2011/09/29
 0.0000000   166.0000000    0.0000   6265.426 0.043   16.1   -0.9 136.04 -0.014  60   0 14:34:45     40783.60649    0.0000  2011/09/29
 0.0000000   166.0000000    0.0000   6265.425 0.055   13.4   -1.0 136.04 -0.014  60   2 14:35:52     40783.60727    0.0000  2011/09/29
 0.0000000   167.0000000    0.0000   6265.565 0.053   -8.6   15.7 136.02 -0.017  60   0 14:42:37     40783.61195    0.0000  2011/09/29
 0.0000000   167.0000000    0.0000   6265.570 0.051   -8.1   25.1 136.02 -0.017  60   0 14:43:44     40783.61272    0.0000  2011/09/29
 0.0000000   168.0000000    0.0000   6265.730 0.055    0.1   16.3 136.00 -0.020  60  14 14:51:51     40783.61835    0.0000  2011/09/29
 0.0000000   168.0000000    0.0000   6265.737 0.035    3.8   15.5 136.00 -0.021  60   0 14:52:58     40783.61912    0.0000  2011/09/29
 0.0000000   169.0000000    0.0000   6265.827 0.042  -15.4  -14.6 136.01 -0.023  60  10 14:59:20     40783.62354    0.0000  2011/09/29
 0.0000000   169.0000000    0.0000   6265.829 0.035  -17.7  -14.3 136.02 -0.024  60   2 15:00:27     40783.62431    0.0000  2011/09/29
 0.0000000   170.0000000    0.0000   6266.000 0.048  -11.6    3.7 136.02 -0.026  60   1 15:06:04     40783.62821    0.0000  2011/09/29
 0.0000000   170.0000000    0.0000   6266.004 0.039  -11.7    4.6 136.02 -0.027  60   0 15:07:11     40783.62898    0.0000  2011/09/29
 0.0000000   171.0000000    0.0000   6266.078 0.036   -2.9   -6.3 136.00 -0.029  60   0 15:12:11     40783.63245    0.0000  2011/09/29
 0.0000000   171.0000000    0.0000   6266.081 0.028   -1.4   -9.0 136.00 -0.029  60   0 15:13:18     40783.63322    0.0000  2011/09/29
 0.0000000   150.0000000    0.0000   6263.910 0.041   -3.5    6.3 136.02 -0.033  60   3 15:21:15     40783.63873    0.0000  2011/09/29
 0.0000000   150.0000000    0.0000   6263.916 0.047    0.3   11.3 136.04 -0.034  60   2 15:22:22     40783.63951    0.0000  2011/09/29
 0.0000000   180.0000000    0.0000   6263.713 0.056    9.4   15.8 136.34 -0.078  60  19 08:46:34     40784.36509    0.0000  2011/09/30
 0.0000000   180.0000000    0.0000   6263.713 0.047   -0.3    1.1 136.31 -0.078  60   0 08:49:12     40784.36691    0.0000  2011/09/30
 0.0000000   180.0000000    0.0000   6263.713 0.047   -0.4    1.9 136.29 -0.078  60   1 08:50:19     40784.36769    0.0000  2011/09/30
 0.0000000   181.0000000    0.0000   6263.581 0.043    6.5    4.9 136.04 -0.078  60   0 09:12:22     40784.38297    0.0000  2011/09/30
 0.0000000   181.0000000    0.0000   6263.586 0.037    9.2    9.6 136.04 -0.078  60   0 09:13:29     40784.38375    0.0000  2011/09/30
 0.0000000   182.0000000    0.0000   6263.764 0.047   17.2   12.8 136.07 -0.077  60   1 09:22:43     40784.39015    0.0000  2011/09/30
 0.0000000   182.0000000    0.0000   6263.758 0.049   10.6   -6.9 136.10 -0.077  60   0 09:25:00     40784.39173    0.0000  2011/09/30
 0.0000000   182.0000000    0.0000   6263.763 0.062   15.3   -4.4 136.11 -0.077  60   1 09:26:07     40784.39251    0.0000  2011/09/30
 0.0000000   183.0000000    0.0000   6264.013 0.046   -1.7   13.2 136.10 -0.076  60   0 09:34:00     40784.39797    0.0000  2011/09/30
 0.0000000   183.0000000    0.0000   6264.018 0.037    2.4   16.9 136.11 -0.076  60   1 09:35:07     40784.39875    0.0000  2011/09/30
 0.0000000   184.0000000    0.0000   6264.118 0.097   10.9   -7.5 136.12 -0.075  60   0 09:42:02     40784.40354    0.0000  2011/09/30
 0.0000000   184.0000000    0.0000   6264.116 0.077   -8.6   -3.2 136.10 -0.074  60   0 09:46:09     40784.40640    0.0000  2011/09/30
 0.0000000   184.0000000    0.0000   6264.116 0.111   -3.7   -3.1 136.10 -0.074  60   1 09:47:16     40784.40717    0.0000  2011/09/30
 0.0000000   185.0000000    0.0000   6264.243 0.066    1.1   -9.3 136.10 -0.071  60   0 09:58:39     40784.41506    0.0000  2011/09/30
 0.0000000   185.0000000    0.0000   6264.244 0.082    0.9  -15.8 136.12 -0.071  60   2 09:59:46     40784.41584    0.0000  2011/09/30
 0.0000000   186.0000000    0.0000   6264.409 0.031   -0.4   -9.7 136.10 -0.068  60   0 10:11:56     40784.42427    0.0000  2011/09/30
 0.0000000   186.0000000    0.0000   6264.412 0.032    0.5   -9.2 136.09 -0.068  60   0 10:13:03     40784.42505    0.0000  2011/09/30
 0.0000000   187.0000000    0.0000   6264.504 0.036   -1.2   -1.9 136.05 -0.066  60   0 10:20:52     40784.43047    0.0000  2011/09/30
 0.0000000   187.0000000    0.0000   6264.506 0.038    2.2   -7.5 136.05 -0.066  60   1 10:21:59     40784.43124    0.0000  2011/09/30
 0.0000000   188.0000000    0.0000   6264.601 0.048  -10.7   -7.2 136.08 -0.063  60   0 10:31:49     40784.43806    0.0000  2011/09/30
 0.0000000   188.0000000    0.0000   6264.601 0.038   -9.7   -6.0 136.09 -0.063  60   0 10:32:56     40784.43883    0.0000  2011/09/30
 0.0000000   180.0000000    0.0000   6263.702 0.085    1.6   -4.1 136.10 -0.061  60   2 10:40:43     40784.44423    0.0000  2011/09/30
 0.0000000   180.0000000    0.0000   6263.704 0.064    5.7   -3.5 136.10 -0.060  60   0 10:41:50     40784.44500    0.0000  2011/09/30
 0.0000000   189.0000000    0.0000   6264.719 0.030   -9.8  -10.0 136.10 -0.057  60   1 10:52:09     40784.45216    0.0000  2011/09/30
 0.0000000   189.0000000    0.0000   6264.713 0.038  -14.6  -15.7 136.10 -0.057  60   0 10:53:16     40784.45293    0.0000  2011/09/30
 0.0000000   190.0000000    0.0000   6264.824 0.035  -13.7  -13.5 136.05 -0.054  60   0 11:02:47     40784.45953    0.0000  2011/09/30
 0.0000000   190.0000000    0.0000   6264.819 0.043  -17.5  -22.2 136.06 -0.053  60   0 11:03:54     40784.46030    0.0000  2011/09/30
 0.0000000   180.0000000    0.0000   6263.695 0.046    1.4   -5.0 136.05 -0.052  60   0 11:09:00     40784.46384    0.0000  2011/09/30
 0.0000000   180.0000000    0.0000   6263.699 0.031    1.6   -3.5 136.07 -0.052  60   0 11:10:07     40784.46461    0.0000  2011/09/30
 0.0000000   180.0000000    0.0000   6263.667 0.068    7.7   -1.5 135.68 -0.043  60   1 11:35:58     40784.48254    0.0000  2011/09/30
 0.0000000   180.0000000    0.0000   6263.687 0.054   11.5   -2.0 135.70 -0.042  60   1 11:39:01     40784.48465    0.0000  2011/09/30
 0.0000000   180.0000000    0.0000   6263.689 0.077   11.8   -2.8 135.72 -0.042  60   1 11:40:08     40784.48543    0.0000  2011/09/30
 0.0000000   191.0000000    0.0000   6264.871 0.087  -13.8  -14.6 135.96 -0.039  60   1 11:50:43     40784.49276    0.0000  2011/09/30
 0.0000000   191.0000000    0.0000   6264.870 0.054  -15.7  -12.5 135.99 -0.038  60   1 11:51:50     40784.49354    0.0000  2011/09/30
 0.0000000   192.0000000    0.0000   6264.909 0.071   -5.3    2.1 136.05 -0.036  60   1 11:59:11     40784.49863    0.0000  2011/09/30
 0.0000000   192.0000000    0.0000   6264.911 0.063   -9.7   -1.2 136.05 -0.036  60   1 12:00:18     40784.49941    0.0000  2011/09/30
 0.0000000   194.0000000    0.0000   6264.982 0.029   -4.9  -30.4 136.06 -0.034  60   0 12:07:44     40784.50456    0.0000  2011/09/30
 0.0000000   194.0000000    0.0000   6264.993 0.037    1.7  -10.0 136.07 -0.033  60   0 12:11:06     40784.50690    0.0000  2011/09/30
 0.0000000   194.0000000    0.0000   6264.992 0.038    2.9  -12.3 136.07 -0.033  60   1 12:12:13     40784.50767    0.0000  2011/09/30
 0.0000000   195.0000000    0.0000   6265.017 0.047  -17.1  -14.4 136.05 -0.031  60   1 12:18:58     40784.51235    0.0000  2011/09/30
 0.0000000   195.0000000    0.0000   6265.014 0.044  -18.4  -21.1 136.05 -0.031  60   0 12:20:05     40784.51312    0.0000  2011/09/30
 0.0000000   196.0000000    0.0000   6265.083 0.055    0.2   -1.8 136.06 -0.029  60   0 12:28:25     40784.51890    0.0000  2011/09/30
 0.0000000   196.0000000    0.0000   6265.084 0.053    3.4   -6.3 136.06 -0.028  60   0 12:29:32     40784.51968    0.0000  2011/09/30
 0.0000000   197.0000000    0.0000   6265.164 0.053   11.4   -6.4 136.05 -0.027  60   0 12:35:53     40784.52408    0.0000  2011/09/30
 0.0000000   197.0000000    0.0000   6265.172 0.056   12.9   -3.0 136.06 -0.027  60   1 12:37:00     40784.52485    0.0000  2011/09/30
 0.0000000   198.0000000    0.0000   6265.249 0.079  -16.4    3.7 136.07 -0.024  60   3 12:48:45     40784.53300    0.0000  2011/09/30
 0.0000000   198.0000000    0.0000   6265.252 0.046  -17.4    3.7 136.08 -0.024  60   0 12:49:52     40784.53377    0.0000  2011/09/30
 0.0000000   199.0000000    0.0000   6265.341 0.062  -10.5   -3.6 136.07 -0.023  60   0 12:57:20     40784.53895    0.0000  2011/09/30
 0.0000000   199.0000000    0.0000   6265.342 0.076   -9.4   -5.4 136.07 -0.023  60   2 12:58:27     40784.53973    0.0000  2011/09/30
 0.0000000   200.0000000    0.0000   6265.449 0.067    4.7   -7.6 136.06 -0.022  60   0 13:03:39     40784.54333    0.0000  2011/09/30
 0.0000000   200.0000000    0.0000   6265.453 0.046    9.8  -12.1 136.06 -0.022  60   2 13:04:46     40784.54410    0.0000  2011/09/30
 0.0000000   201.0000000    0.0000   6265.598 0.086   -9.7  -14.6 136.05 -0.021  60   1 13:11:26     40784.54873    0.0000  2011/09/30
 0.0000000   201.0000000    0.0000   6265.596 0.077  -12.4  -20.9 136.05 -0.021  60   0 13:12:33     40784.54950    0.0000  2011/09/30
 0.0000000   202.0000000    0.0000   6265.710 0.104   -0.3   -7.0 136.03 -0.020  60   0 13:19:00     40784.55397    0.0000  2011/09/30
 0.0000000   202.0000000    0.0000   6265.711 0.097   -0.2  -16.1 136.04 -0.020  60   6 13:20:07     40784.55475    0.0000  2011/09/30
 0.0000000   180.0000000    0.0000   6263.681 0.063    0.7    1.8 136.06 -0.019  60   1 13:32:13     40784.56314    0.0000  2011/09/30
 0.0000000   180.0000000    0.0000   6263.684 0.071   -1.6    2.2 136.06 -0.019  60   1 13:33:20     40784.56391    0.0000  2011/09/30
 112026903291887620.000,0   ,0.000   ,     0.000,   0.000,13606,  22,  -1.#QO,   0.000,0.000   ,0.000   ,0.000   ,0.000   